0 0 1
0 0 1
0 0 1
0 0 1
0 0 1
0 0 1
3 0 1
0 0 1
3 0 1
0 0 0
0 0 0
0 0 0
0 0 0
11 0 3
11 0 3
11 0 3
0 0 1
0 0 1
0 0 1
0 0 1
0 0 1
0 0 1
3 0 1
0 0 1
0 0 1
0 0 0
0 0 0
0 0 0
0 0 0
11 0 3
11 0 3
11 0 3
0 0 1
0 0 1
0 0 1
0 0 1
0 0 1
0 0 1
0 0 1
0 0 1
0 0 1
0 0 0
0 0 0
0 0 0
0 0 0
11 0 3
11 0 3
11 0 3
0 0 1
0 0 1
0 0 1
0 0 1
0 0 1
0 0 1
0 0 1
0 0 1
3 0 1
0 0 1
0 0 0
0 0 0
0 0 0
11 0 3
11 0 3
11 0 3
0 0 1
0 0 1
0 0 1
0 0 1
0 0 1
0 0 1
0 0 1
0 0 1
0 0 1
0 0 1
0 0 0
0 0 0
0 0 0
11 0 3
11 0 3
11 0 3
0 0 1
0 0 1
0 0 1
0 0 1
14 1 1
0 0 1
0 0 1
0 0 1
0 0 1
0 0 1
0 0 0
0 0 0
0 0 0
11 0 3
11 0 3
11 0 3
0 0 1
0 0 1
0 0 1
0 0 1
9 0 1
0 0 1
0 0 1
0 0 1
0 0 1
0 0 1
0 0 0
0 0 0
0 0 0
11 0 3
11 0 3
11 0 3
3 0 1
0 0 1
0 0 1
0 0 1
15 0 1
0 0 1
0 0 1
0 0 1
0 0 1
0 0 1
0 0 0
0 0 0
0 0 0
11 0 3
11 0 3
11 0 3
3 0 1
0 0 1
0 0 1
0 0 1
0 0 1
0 0 1
0 0 1
0 0 1
0 0 1
0 0 1
0 0 0
0 0 0
0 0 0
11 0 3
11 0 3
11 0 3
3 0 1
3 0 1
0 0 1
0 0 1
0 0 1
3 0 1
0 0 1
0 0 1
0 0 1
0 0 1
0 0 0
0 0 0
0 0 0
11 0 3
11 0 3
11 0 3
3 0 1
3 0 1
3 0 1
0 0 1
3 0 1
0 0 1
0 0 1
0 0 1
0 0 1
0 0 1
0 0 0
0 0 0
0 0 0
11 0 3
11 0 3
11 0 3
3 0 1
3 0 1
3 0 1
3 0 1
0 0 1
0 0 1
0 0 1
0 0 1
0 0 1
0 0 1
0 0 0
0 0 0
0 0 0
11 0 3
11 0 3
11 0 3
3 0 1
3 0 1
3 0 1
3 0 1
3 0 1
0 0 1
0 0 1
0 0 1
3 0 1
0 0 1
0 0 0
0 0 0
0 0 0
11 0 3
11 0 3
11 0 3
3 0 1
3 0 1
3 0 1
3 0 1
3 0 1
3 0 1
0 0 1
0 0 1
0 0 1
0 0 1
0 0 0
0 0 0
0 0 0
11 0 3
11 0 3
11 0 3
0 0 1
0 0 1
0 0 1
3 0 1
3 0 1
3 0 1
3 0 1
0 0 1
0 0 1
0 0 1
0 0 0
0 0 0
0 0 0
11 0 3
11 0 3
11 0 3
0 0 1
0 0 1
3 0 1
3 0 1
0 0 1
3 0 1
3 0 1
3 0 1
0 0 1
3 0 1
0 0 0
0 0 0
0 0 0
11 0 3
11 0 3
11 0 3
