11 0 3
11 0 3
11 0 3
11 0 3
11 0 3
12 0 5
12 0 5
12 0 5
12 0 5
11 0 3
11 0 3
11 0 3
11 0 3
11 0 3
11 0 3
3 0 1
11 0 3
11 0 3
11 0 3
11 0 3
11 0 3
12 0 4
12 0 5
12 0 5
11 0 3
11 0 3
11 0 3
11 0 3
11 0 3
11 0 3
0 0 1
0 0 1
11 0 3
11 0 3
11 0 3
11 0 3
11 0 3
12 0 4
12 0 4
12 0 4
11 0 3
11 0 3
11 0 3
11 0 3
11 0 3
11 0 3
0 0 1
0 0 1
11 0 3
11 0 3
11 0 3
11 0 3
12 0 4
12 0 4
12 0 4
11 0 3
11 0 3
11 0 3
11 0 3
11 0 3
11 0 3
0 0 1
0 0 1
0 0 1
1 0 2
11 0 3
11 0 3
11 0 3
12 0 4
12 0 4
12 0 4
11 0 3
11 0 3
11 0 3
11 0 3
11 0 3
0 0 0
0 0 1
0 0 1
0 0 1
11 0 3
11 0 3
11 0 3
12 0 4
12 0 4
12 0 4
12 0 4
11 0 3
11 0 3
11 0 3
11 0 3
11 0 3
0 0 0
0 0 1
0 0 1
0 0 1
11 0 3
11 0 3
11 0 3
12 0 4
12 0 4
12 0 4
11 0 3
11 0 3
11 0 3
11 0 3
11 0 3
0 0 0
0 0 1
0 0 1
0 0 1
0 0 1
11 0 3
11 0 3
11 0 3
12 0 4
12 0 4
12 0 4
11 0 3
11 0 3
11 0 3
11 0 3
0 0 0
0 0 0
0 0 1
0 0 1
0 0 1
0 0 1
11 0 3
11 0 3
12 0 4
12 0 4
12 0 4
11 0 3
11 0 3
11 0 3
11 0 3
0 0 0
0 0 0
0 0 0
0 0 1
0 0 1
0 0 1
0 0 1
11 0 3
11 0 3
12 0 4
12 0 4
12 0 4
11 0 3
11 0 3
11 0 3
0 0 0
0 0 0
0 0 0
3 0 1
0 0 1
0 0 1
0 0 1
0 0 1
11 0 3
11 0 3
12 0 4
12 0 4
12 0 4
11 0 3
11 0 3
11 0 3
0 0 0
0 0 0
0 0 0
3 0 1
0 0 1
0 0 1
3 0 1
0 0 1
11 0 3
12 0 4
12 0 4
12 0 4
11 0 3
11 0 3
11 0 3
11 0 3
0 0 0
0 0 0
0 0 0
3 0 1
0 0 1
0 0 1
0 0 1
3 0 1
11 0 3
12 0 4
12 0 4
12 0 4
11 0 3
11 0 3
11 0 3
0 0 0
0 0 0
0 0 0
0 0 1
3 0 1
0 0 1
3 0 1
0 0 1
3 0 1
12 0 4
12 0 4
12 0 4
12 0 4
11 0 3
11 0 3
11 0 3
0 0 0
0 0 0
0 0 0
3 0 1
3 0 1
3 0 1
3 0 1
0 0 1
0 0 1
12 0 4
12 0 4
12 0 4
11 0 3
11 0 3
11 0 3
11 0 3
0 0 0
0 0 0
0 0 0
0 0 1
3 0 1
3 0 1
3 0 1
3 0 1
3 0 1
12 0 4
12 0 4
12 0 4
11 0 3
11 0 3
11 0 3
0 0 0
0 0 0
0 0 0
0 0 0
3 0 1
3 0 1
0 0 1
3 0 1
3 0 1
3 0 1
