11 0 3
11 0 3
0 0 0
0 0 0
0 0 0
0 0 0
0 0 0
0 0 0
0 0 0
0 0 0
0 0 0
0 0 0
11 0 3
11 0 3
11 0 3
11 0 3
11 0 3
11 0 3
11 0 3
11 0 3
0 0 0
0 0 0
0 0 0
0 0 0
0 0 0
0 0 0
0 0 0
0 0 0
11 0 3
11 0 3
11 0 3
11 0 3
11 0 3
11 0 3
11 0 3
11 0 3
11 0 3
11 0 3
0 0 0
0 0 0
0 0 0
0 0 0
0 0 0
0 0 0
0 0 0
11 0 3
11 0 3
11 0 3
11 0 3
11 0 3
11 0 3
11 0 3
11 0 3
11 0 3
11 0 3
0 0 0
0 0 0
0 0 0
0 0 0
0 0 0
0 0 0
0 0 0
11 0 3
11 0 3
11 0 3
11 0 3
11 0 3
11 0 3
11 0 3
11 0 3
11 0 3
11 0 3
0 0 0
0 0 0
0 0 0
0 0 0
0 0 0
0 0 0
0 0 0
11 0 3
11 0 3
11 0 3
11 0 3
11 0 3
11 0 3
11 0 3
11 0 3
11 0 3
0 0 0
0 0 0
0 0 0
0 0 0
0 0 0
0 0 0
0 0 0
0 0 0
11 0 3
11 0 3
11 0 3
11 0 3
11 0 3
11 0 3
11 0 3
11 0 3
0 0 0
0 0 0
0 0 0
0 0 0
0 0 0
0 0 0
0 0 0
0 0 0
11 0 3
11 0 3
11 0 3
11 0 3
11 0 3
11 0 3
11 0 3
11 0 3
0 0 0
0 0 0
0 0 0
0 0 0
0 0 0
0 0 0
0 0 0
0 0 0
11 0 3
11 0 3
11 0 3
11 0 3
11 0 3
11 0 3
11 0 3
11 0 3
0 0 0
0 0 0
0 0 0
0 0 0
0 0 0
0 0 0
0 0 0
0 0 0
11 0 3
11 0 3
11 0 3
11 0 3
11 0 3
11 0 3
11 0 3
11 0 3
0 0 0
0 0 0
0 0 0
0 0 0
0 0 0
0 0 0
0 0 0
0 0 0
11 0 3
11 0 3
11 0 3
11 0 3
11 0 3
11 0 3
11 0 3
11 0 3
0 0 0
0 0 0
0 0 0
0 0 0
0 0 0
0 0 0
0 0 0
0 0 0
11 0 3
11 0 3
11 0 3
11 0 3
11 0 3
11 0 3
11 0 3
11 0 3
0 0 0
0 0 0
0 0 0
0 0 0
0 0 0
0 0 0
0 0 0
0 0 0
11 0 3
11 0 3
11 0 3
11 0 3
11 0 3
11 0 3
11 0 3
11 0 3
0 0 0
2 0 0
0 0 0
0 0 0
0 0 0
0 0 0
0 0 0
0 0 0
11 0 3
11 0 3
11 0 3
11 0 3
11 0 3
11 0 3
11 0 3
0 0 0
0 0 0
3 0 0
0 0 0
0 0 0
0 0 0
0 0 0
2 0 0
0 0 0
11 0 3
11 0 3
11 0 3
11 0 3
11 0 3
11 0 3
11 0 3
0 0 0
0 0 0
0 0 0
0 0 0
0 0 0
0 0 0
0 0 0
0 0 0
0 0 0
12 0 4
11 0 3
11 0 3
11 0 3
11 0 3
11 0 3
11 0 3
0 0 0
0 0 0
0 0 0
3 0 0
0 0 0
0 0 0
0 0 0
0 0 0
0 0 0
