0 0 0
0 0 0
0 0 0
0 0 0
0 0 0
0 0 0
0 0 0
0 0 0
0 0 0
0 0 0
0 0 0
0 0 0
0 0 0
0 0 0
0 0 0
0 0 0
3 0 1
22 7 1
22 6 1
22 5 0
22 4 0
22 3 0
22 1 0
22 2 0
0 0 0
0 0 0
0 0 0
0 0 0
0 0 0
0 0 0
0 0 0
0 0 1
3 0 1
3 0 1
0 0 1
0 0 1
3 0 1
3 0 1
0 0 1
0 0 1
0 0 1
0 0 1
0 0 1
0 0 1
0 0 1
3 0 1
3 0 1
0 0 1
3 0 1
3 0 1
3 0 1
0 0 1
3 0 1
0 0 1
0 0 1
0 0 1
0 0 1
0 0 1
0 0 1
0 0 1
0 0 1
0 0 1
3 0 1
0 0 1
0 0 1
3 0 1
3 0 1
3 0 1
0 0 1
0 0 1
0 0 1
0 0 1
0 0 1
0 0 1
0 0 1
0 0 1
0 0 1
0 0 1
0 0 1
0 0 1
3 0 1
0 0 1
3 0 1
0 0 1
0 0 1
0 0 1
0 0 1
0 0 1
0 0 1
0 0 1
0 0 1
0 0 1
0 0 1
0 0 1
0 0 1
0 0 1
3 0 1
0 0 1
3 0 1
0 0 1
0 0 1
0 0 1
0 0 1
0 0 1
0 0 1
0 0 1
0 0 1
0 0 1
0 0 1
0 0 1
0 0 1
0 0 1
0 0 1
0 0 1
3 0 1
0 0 1
0 0 1
0 0 1
0 0 1
0 0 1
0 0 1
0 0 1
0 0 1
0 0 1
0 0 1
0 0 1
0 0 1
0 0 1
3 0 1
0 0 1
3 0 1
0 0 1
0 0 1
0 0 1
0 0 1
0 0 1
0 0 1
0 0 1
0 0 1
0 0 1
0 0 1
0 0 1
0 0 1
0 0 1
0 0 1
3 0 1
3 0 1
0 0 1
0 0 1
0 0 1
0 0 1
0 0 1
0 0 1
0 0 1
0 0 1
0 0 1
0 0 1
0 0 1
0 0 1
0 0 1
1 0 2
0 0 1
0 0 1
0 0 1
0 0 1
0 0 1
0 0 1
0 0 1
0 0 1
0 0 1
0 0 1
0 0 1
0 0 1
0 0 1
0 0 2
0 0 2
1 0 2
0 0 2
1 0 2
2 0 2
1 0 2
1 0 2
1 0 2
1 0 2
0 0 2
1 0 2
1 0 2
2 0 2
1 0 2
0 0 2
0 0 2
0 0 2
1 0 2
0 0 2
0 0 2
1 0 2
1 0 2
1 0 2
0 0 2
0 0 2
1 0 2
1 0 2
1 0 2
1 0 2
0 0 2
1 0 2
0 0 2
1 0 2
0 0 2
0 0 2
0 0 2
2 0 2
2 0 2
0 0 2
0 0 2
1 0 2
1 0 2
1 0 2
1 0 2
2 0 2
1 0 2
0 0 2
1 0 2
0 0 2
0 0 2
0 0 2
0 0 2
1 0 2
0 0 2
0 0 2
1 0 2
1 0 2
0 0 2
1 0 2
0 0 2
0 0 2
1 0 2
1 0 2
2 0 2
1 0 2
1 0 2
0 0 2
0 0 2
0 0 2
0 0 2
1 0 2
1 0 2
0 0 2
1 0 2
0 0 2
1 0 2
1 0 2
1 0 2
1 0 2
0 0 2
1 0 2
