0 0 0
0 0 0
0 0 0
0 0 0
0 0 0
0 0 0
0 0 0
0 0 0
0 0 0
0 0 0
0 0 0
0 0 0
0 0 0
0 0 0
0 0 0
3 0 0
0 0 0
17 67 0
17 69 0
17 70 0
17 71 0
0 0 0
0 0 0
0 0 0
0 0 0
0 0 0
0 0 0
0 0 0
0 0 0
0 0 0
0 0 0
3 0 0
0 0 0
17 68 0
0 0 0
0 0 0
0 0 0
0 0 0
0 0 0
0 0 0
0 0 0
0 0 0
0 0 0
0 0 0
0 0 0
0 0 0
0 0 0
0 0 0
0 0 0
17 66 0
0 0 0
0 0 0
0 0 0
0 0 0
2 0 0
0 0 0
0 0 0
0 0 0
0 0 0
0 0 0
0 0 0
0 0 0
0 0 0
0 0 0
0 0 0
17 65 0
0 0 0
2 0 0
2 0 0
2 0 0
2 0 0
0 0 0
0 0 0
0 0 0
0 0 0
0 0 0
2 0 0
0 0 0
0 0 0
0 0 0
0 0 0
17 64 0
2 0 0
2 0 0
2 0 0
2 0 0
1 0 0
0 0 0
0 0 0
0 0 0
0 0 0
2 0 0
2 0 0
0 0 0
0 0 0
0 0 0
0 0 0
17 63 0
2 0 0
2 0 0
1 0 0
1 0 0
1 0 0
1 0 0
0 0 0
0 0 0
0 0 0
2 0 0
2 0 0
0 0 0
0 0 0
0 0 0
0 0 0
17 62 0
0 0 0
1 0 0
1 0 0
1 0 0
1 0 0
0 0 0
0 0 0
0 0 0
0 0 0
0 0 0
2 0 0
0 0 0
0 0 0
0 0 0
0 0 0
17 61 0
0 0 0
0 0 0
0 0 0
1 0 0
1 0 0
0 0 0
0 0 0
0 0 0
0 0 0
0 0 0
0 0 0
0 0 0
0 0 0
0 0 0
0 0 0
17 60 0
0 0 0
0 0 0
0 0 0
0 0 0
0 0 0
0 0 0
0 0 0
0 0 0
0 0 0
0 0 0
0 0 0
0 0 0
0 0 0
0 0 0
0 0 0
17 59 0
0 0 0
0 0 0
0 0 0
0 0 0
0 0 0
0 0 0
0 0 0
0 0 0
0 0 0
0 0 0
0 0 0
0 0 0
0 0 0
0 0 0
0 0 0
17 58 0
0 0 0
0 0 0
0 0 0
0 0 0
0 0 0
0 0 0
0 0 0
0 0 0
0 0 0
0 0 0
0 0 0
0 0 0
0 0 0
0 0 0
0 0 0
17 57 0
0 0 0
0 0 0
0 0 0
0 0 0
0 0 0
0 0 0
0 0 0
0 0 0
0 0 0
3 0 0
3 0 0
0 0 0
0 0 0
0 0 0
0 0 0
17 56 0
2 0 0
2 0 0
2 0 0
0 0 0
0 0 0
0 0 0
0 0 0
0 0 0
3 0 0
3 0 0
4 0 0
5 0 0
0 0 0
0 0 0
0 0 0
17 55 0
2 0 0
2 0 0
2 0 0
2 0 0
0 0 0
0 0 0
0 0 0
3 0 0
3 0 0
4 0 0
7 0 0
8 0 0
0 0 0
0 0 0
0 0 0
17 54 0
2 0 0
2 0 0
0 0 0
0 0 0
0 0 0
0 0 0
3 0 0
3 0 0
4 0 0
5 0 0
6 0 0
7 0 0
17 27 0
17 26 0
