0 0 0
17 53 0
0 0 0
0 0 0
0 0 0
0 0 0
0 0 0
0 0 0
3 0 0
3 0 0
5 0 0
8 0 0
7 0 0
7 0 0
17 28 0
0 0 0
0 0 0
17 52 0
17 51 0
0 0 0
0 0 0
0 0 0
0 0 0
3 0 0
3 0 0
4 0 0
8 0 0
8 0 0
7 0 0
0 0 0
17 29 0
0 0 0
0 0 0
0 0 0
17 50 0
0 0 0
0 0 0
0 0 0
3 0 0
3 0 0
3 0 0
5 0 0
8 0 0
7 0 0
0 0 0
0 0 0
17 30 0
0 0 0
0 0 0
0 0 0
17 49 0
0 0 0
0 0 0
0 0 0
3 0 0
3 0 0
4 0 0
5 0 0
8 0 0
0 0 0
0 0 0
17 32 0
17 31 0
7 0 0
0 0 0
0 0 0
17 48 0
0 0 0
0 0 0
0 0 0
3 0 0
3 0 0
3 0 0
0 0 0
0 0 0
17 35 0
17 34 0
17 33 0
7 0 0
7 0 0
0 0 0
0 0 0
0 0 0
0 0 0
0 0 0
0 0 0
0 0 0
0 0 0
0 0 0
0 0 0
0 0 0
17 36 0
0 0 0
8 0 0
8 0 0
8 0 0
0 0 0
0 0 0
17 46 0
0 0 0
17 44 0
0 0 0
0 0 0
17 41 0
17 40 0
17 39 0
17 38 0
17 37 0
4 0 0
4 0 0
4 0 0
4 0 0
0 0 0
0 0 0
0 0 0
0 0 0
0 0 0
0 0 0
0 0 0
0 0 0
0 0 0
0 0 0
0 0 0
0 0 0
3 0 0
3 0 0
3 0 0
3 0 0
0 0 0
0 0 0
0 0 0
0 0 0
0 0 0
0 0 0
0 0 0
0 0 0
0 0 0
0 0 0
0 0 0
0 0 0
3 0 0
3 0 0
3 0 0
3 0 0
0 0 0
0 0 0
0 0 0
0 0 0
0 0 0
0 0 0
0 0 0
0 0 0
0 0 0
0 0 0
0 0 0
0 0 0
0 0 0
0 0 0
0 0 0
0 0 0
0 0 0
0 0 0
0 0 0
0 0 0
0 0 0
0 0 0
0 0 0
0 0 0
0 0 0
0 0 0
0 0 0
0 0 0
0 0 0
0 0 0
0 0 0
0 0 0
0 0 0
0 0 0
0 0 0
0 0 0
0 0 0
0 0 0
0 0 0
0 0 0
0 0 0
17 75 0
0 0 0
0 0 0
0 0 0
0 0 0
0 0 0
0 0 0
0 0 0
0 0 0
0 0 0
0 0 0
0 0 0
0 0 0
0 0 0
0 0 0
0 0 0
0 0 0
0 0 0
0 0 0
0 0 0
0 0 0
0 0 0
0 0 0
0 0 0
0 0 0
0 0 0
0 0 0
0 0 0
0 0 0
0 0 0
0 0 0
0 0 0
0 0 0
17 76 0
0 0 0
2 0 0
0 0 0
0 0 0
0 0 0
0 0 0
0 0 0
0 0 0
0 0 0
0 0 0
0 0 0
0 0 0
0 0 0
17 78 0
17 74 0
17 73 0
2 0 0
2 0 0
2 0 0
0 0 0
0 0 0
5 0 0
5 0 0
4 0 0
3 0 0
3 0 0
0 0 0
0 0 0
0 0 0
0 0 0
17 72 0
17 77 0
2 0 0
2 0 0
2 0 0
0 0 0
0 0 0
