0 0 0
0 0 0
0 0 0
0 0 0
0 0 0
0 0 0
0 0 0
11 0 3
11 0 3
11 0 3
11 0 3
11 0 3
11 0 3
11 0 3
11 0 3
11 0 3
0 0 0
0 0 0
0 0 0
0 0 0
0 0 0
0 0 0
4 0 0
4 0 0
4 0 0
4 0 0
4 0 0
11 0 3
11 0 3
11 0 3
11 0 3
11 0 3
0 0 0
0 0 0
0 0 0
0 0 0
0 0 0
0 0 0
4 0 0
0 0 0
0 0 0
0 0 0
4 0 0
20 1 0
0 0 0
0 0 0
0 0 0
0 0 0
0 0 0
0 0 0
0 0 0
0 0 0
0 0 0
0 0 0
4 0 0
0 0 0
0 0 0
0 0 0
5 0 0
0 0 0
0 0 0
0 0 0
0 0 0
0 0 0
0 0 0
0 0 0
0 0 0
0 0 0
0 0 0
0 0 0
4 0 0
0 0 0
0 0 0
0 0 0
4 0 0
0 0 0
0 0 0
0 0 0
15 0 0
0 0 0
0 0 0
0 0 0
0 0 0
0 0 0
0 0 0
0 0 0
4 0 0
0 0 0
0 0 0
0 0 0
4 0 0
0 0 0
0 0 0
0 0 0
13 0 0
0 0 0
0 0 1
0 0 1
0 0 1
0 0 1
0 0 1
0 0 1
4 0 0
0 0 0
0 0 0
0 0 0
4 0 0
0 0 1
0 0 1
0 0 1
9 0 1
0 0 1
0 0 1
0 0 1
0 0 1
0 0 1
0 0 1
0 0 1
4 0 1
4 0 1
4 0 1
4 0 1
4 0 1
0 0 1
0 0 1
0 0 1
14 1 1
0 0 1
3 0 1
0 0 1
3 0 1
0 0 1
0 0 1
0 0 1
0 0 1
0 0 1
0 0 1
0 0 1
0 0 1
0 0 1
0 0 1
0 0 1
0 0 1
0 0 1
3 0 1
0 0 1
3 0 1
0 0 1
3 0 1
3 0 1
3 0 1
3 0 1
3 0 1
3 0 1
3 0 1
0 0 1
0 0 1
0 0 1
3 0 1
0 0 1
3 0 1
0 0 1
0 0 1
0 0 1
3 0 1
3 0 1
3 0 1
3 0 1
3 0 1
3 0 1
3 0 1
3 0 1
22 1 1
22 2 1
22 7 1
22 8 1
3 0 1
3 0 1
0 0 1
0 0 1
0 0 1
3 0 1
3 0 1
3 0 1
3 0 1
3 0 1
3 0 1
3 0 1
3 0 1
22 3 1
3 0 1
22 6 1
3 0 1
3 0 1
0 0 1
3 0 1
0 0 1
0 0 1
3 0 1
3 0 1
3 0 1
3 0 1
0 0 1
3 0 1
0 0 1
3 0 1
22 4 1
22 5 1
0 0 1
3 0 1
0 0 1
0 0 1
3 0 1
0 0 1
0 0 1
3 0 1
3 0 1
3 0 1
3 0 1
0 0 1
3 0 1
3 0 1
3 0 1
3 0 1
0 0 1
3 0 1
3 0 1
0 0 1
0 0 1
0 0 1
0 0 1
0 0 1
3 0 1
0 0 1
3 0 1
0 0 1
3 0 1
0 0 1
3 0 1
22 11 1
3 0 1
0 0 1
3 0 1
0 0 1
3 0 1
2 0 1
3 0 1
3 0 1
0 0 1
3 0 1
0 0 1
3 0 1
0 0 1
3 0 1
3 0 1
22 10 1
