11 0 3
11 0 3
11 0 3
11 0 3
11 0 3
11 0 3
11 0 3
11 0 3
11 0 3
11 0 3
11 0 3
11 0 3
11 0 3
11 0 3
11 0 3
11 0 3
11 0 3
11 0 3
11 0 3
11 0 3
11 0 3
11 0 3
11 0 3
11 0 3
11 0 3
11 0 3
11 0 3
11 0 3
11 0 3
11 0 3
11 0 3
11 0 3
0 0 0
0 0 0
0 0 0
0 0 0
0 0 0
0 0 0
0 0 0
0 0 0
0 0 0
0 0 0
0 0 0
0 0 0
0 0 0
0 0 0
0 0 0
0 0 0
0 0 0
0 0 0
0 0 0
24 1 0
0 0 0
0 0 0
0 0 0
0 0 0
0 0 0
0 0 0
0 0 0
0 0 0
0 0 0
0 0 0
0 0 0
0 0 0
0 0 0
0 0 0
0 0 0
18 2 0
0 0 0
0 0 0
0 0 0
0 0 0
0 0 0
0 0 0
0 0 0
0 0 0
0 0 0
0 0 0
0 0 0
0 0 0
0 0 0
0 0 0
0 0 0
18 1 0
0 0 0
0 0 0
0 0 0
0 0 0
0 0 0
0 0 0
3 0 0
0 0 0
0 0 0
0 0 0
0 0 1
0 0 1
0 0 1
0 0 1
0 0 1
16 1 1
0 0 1
0 0 1
0 0 1
3 0 1
3 0 1
3 0 1
0 0 1
3 0 1
3 0 1
0 0 1
0 0 1
0 0 1
0 0 1
0 0 1
0 0 1
19 1 1
0 0 1
0 0 1
0 0 1
0 0 1
3 0 1
3 0 1
3 0 1
3 0 1
3 0 1
0 0 1
3 0 1
3 0 1
0 0 1
0 0 1
0 0 1
21 1 1
0 0 1
0 0 1
0 0 1
0 0 1
0 0 1
3 0 1
3 0 1
3 0 1
3 0 1
3 0 1
3 0 1
0 0 1
0 0 1
0 0 1
0 0 1
23 1 1
0 0 1
0 0 1
0 0 1
0 0 1
3 0 1
0 0 1
3 0 1
3 0 1
0 0 1
3 0 1
3 0 1
3 0 1
0 0 1
0 0 1
0 0 1
0 0 1
0 0 1
0 0 1
0 0 1
0 0 1
0 0 1
0 0 1
0 0 1
3 0 1
3 0 1
3 0 1
0 0 1
3 0 1
3 0 1
0 0 1
0 0 1
0 0 1
0 0 1
0 0 1
0 0 1
0 0 1
0 0 1
0 0 1
0 0 1
3 0 1
3 0 1
3 0 1
3 0 1
3 0 1
3 0 1
0 0 1
0 0 1
0 0 1
0 0 1
0 0 1
0 0 1
0 0 1
3 0 1
0 0 1
0 0 1
0 0 1
3 0 1
3 0 1
3 0 1
0 0 1
22 13 1
22 17 1
0 0 1
0 0 1
0 0 1
0 0 1
0 0 1
0 0 1
0 0 1
0 0 1
0 0 1
3 0 1
0 0 1
0 0 1
3 0 1
3 0 1
22 12 1
22 14 1
22 18 1
0 0 1
0 0 1
0 0 1
0 0 1
0 0 1
0 0 1
0 0 1
3 0 1
0 0 1
3 0 1
0 0 1
0 0 1
0 0 1
3 0 1
3 0 1
22 15 1
3 0 1
0 0 1
0 0 1
0 0 1
0 0 1
0 0 1
0 0 1
0 0 1
0 0 1
3 0 1
0 0 1
0 0 1
0 0 1
