0 0 1
0 0 1
0 0 1
17 1 0
18 1 0
0 0 0
0 0 0
0 0 0
0 0 0
0 0 0
0 0 0
0 0 0
0 0 0
0 0 0
0 0 0
0 0 0
0 0 1
0 0 1
0 0 1
17 3 1
18 2 0
0 0 0
0 0 0
0 0 0
0 0 0
0 0 0
0 0 0
0 0 0
0 0 0
0 0 0
0 0 0
0 0 0
3 0 1
3 0 1
0 0 1
3 0 1
0 0 1
0 0 1
0 0 0
0 0 0
0 0 0
0 0 0
0 0 0
0 0 0
0 0 0
0 0 0
3 0 0
0 0 0
3 0 1
0 0 1
0 0 1
3 0 1
0 0 1
3 0 1
3 0 1
0 0 1
0 0 0
0 0 0
0 0 0
0 0 0
0 0 0
3 0 0
0 0 0
0 0 0
3 0 1
3 0 1
3 0 1
0 0 1
3 0 1
0 0 1
2 0 1
0 0 1
0 0 1
3 0 1
0 0 0
0 0 0
0 0 0
0 0 0
0 0 0
0 0 0
0 0 1
3 0 1
3 0 1
0 0 1
3 0 1
3 0 1
0 0 1
0 0 1
3 0 1
0 0 1
0 0 1
0 0 1
0 0 0
0 0 0
0 0 0
0 0 0
3 0 1
3 0 1
3 0 1
3 0 1
3 0 1
0 0 1
0 0 1
0 0 1
0 0 1
3 0 1
0 0 1
3 0 1
0 0 1
3 0 1
0 0 1
3 0 1
3 0 1
3 0 1
3 0 1
3 0 1
3 0 1
3 0 1
3 0 1
0 0 1
0 0 1
0 0 1
3 0 1
0 0 1
0 0 1
0 0 1
0 0 1
3 0 1
3 0 1
3 0 1
3 0 1
0 0 1
3 0 1
3 0 1
0 0 1
3 0 1
3 0 1
0 0 1
0 0 1
0 0 1
0 0 1
3 0 1
0 0 1
3 0 1
0 0 0
3 0 1
3 0 1
3 0 1
3 0 1
3 0 1
0 0 1
0 0 1
0 0 1
0 0 1
3 0 1
3 0 1
0 0 1
0 0 1
3 0 1
0 0 1
0 0 0
0 0 0
3 0 1
3 0 1
3 0 1
0 0 1
3 0 1
3 0 1
0 0 1
0 0 1
0 0 1
0 0 1
3 0 1
0 0 1
3 0 1
0 0 1
0 0 0
0 0 0
0 0 0
3 0 1
3 0 1
3 0 1
3 0 1
2 0 1
3 0 1
3 0 1
3 0 1
3 0 1
3 0 1
0 0 1
0 0 1
0 0 1
0 0 0
0 0 0
0 0 0
0 0 0
3 0 1
3 0 1
0 0 1
3 0 1
3 0 1
0 0 1
0 0 1
0 0 1
3 0 1
3 0 1
0 0 1
3 0 1
11 0 3
0 0 0
0 0 0
0 0 0
0 0 0
0 0 0
3 0 1
3 0 1
3 0 1
3 0 1
3 0 1
3 0 1
3 0 1
0 0 1
0 0 1
3 0 1
11 0 3
11 0 3
0 0 0
0 0 0
0 0 0
0 0 0
0 0 0
3 0 1
0 0 1
3 0 1
0 0 1
3 0 1
0 0 1
3 0 1
0 0 1
3 0 1
11 0 3
11 0 3
11 0 3
0 0 0
0 0 0
0 0 0
0 0 0
0 0 0
0 0 0
3 0 1
3 0 1
0 0 1
0 0 1
0 0 1
3 0 1
3 0 1
