1 0 0
1 0 0
1 0 0
1 0 0
0 0 0
1 0 0
1 0 0
1 0 0
0 0 0
11 0 3
11 0 3
11 0 3
11 0 3
12 0 4
12 0 4
12 0 4
1 0 0
2 0 0
1 0 0
1 0 0
0 0 0
1 0 0
1 0 0
1 0 0
0 0 0
11 0 3
11 0 3
11 0 3
11 0 3
12 0 4
12 0 4
12 0 4
2 0 0
1 0 0
1 0 0
0 0 0
0 0 0
0 0 0
1 0 0
0 0 0
1 0 0
11 0 3
11 0 3
11 0 3
11 0 3
12 0 4
12 0 4
12 0 4
1 0 0
1 0 0
0 0 0
0 0 0
1 0 0
1 0 0
2 0 0
1 0 0
1 0 0
11 0 3
11 0 3
11 0 3
11 0 3
12 0 4
12 0 4
12 0 4
0 0 0
0 0 0
1 0 0
1 0 0
0 0 0
2 0 0
1 0 0
1 0 0
1 0 0
11 0 3
11 0 3
11 0 3
11 0 3
12 0 4
12 0 4
12 0 4
0 0 0
0 0 0
0 0 0
1 0 0
0 0 0
1 0 0
1 0 0
1 0 0
1 0 0
11 0 3
11 0 3
11 0 3
11 0 3
12 0 4
12 0 4
12 0 4
0 0 0
1 0 0
0 0 0
0 0 0
0 0 0
1 0 0
0 0 0
2 0 0
11 0 3
11 0 3
11 0 3
11 0 3
11 0 3
12 0 4
12 0 4
12 0 4
0 0 0
0 0 0
1 0 0
1 0 0
0 0 0
1 0 0
0 0 0
0 0 0
11 0 3
11 0 3
11 0 3
11 0 3
11 0 3
12 0 4
12 0 4
12 0 4
0 0 0
0 0 0
0 0 0
0 0 0
0 0 0
0 0 0
1 0 0
1 0 0
11 0 3
11 0 3
11 0 3
11 0 3
11 0 3
12 0 4
12 0 4
12 0 4
0 0 0
0 0 0
0 0 0
0 0 0
0 0 0
0 0 0
1 0 0
1 0 0
11 0 3
11 0 3
11 0 3
11 0 3
11 0 3
12 0 4
12 0 4
12 0 4
0 0 0
0 0 0
0 0 0
0 0 0
0 0 0
0 0 0
0 0 0
1 0 0
11 0 3
11 0 3
11 0 3
11 0 3
11 0 3
12 0 4
12 0 4
12 0 4
0 0 0
0 0 0
0 0 0
0 0 0
0 0 0
0 0 0
0 0 0
11 0 3
11 0 3
11 0 3
11 0 3
11 0 3
12 0 4
12 0 4
12 0 4
12 0 4
0 0 0
0 0 0
0 0 0
0 0 0
0 0 0
0 0 0
0 0 0
11 0 3
11 0 3
11 0 3
11 0 3
11 0 3
12 0 4
12 0 4
12 0 4
12 0 4
0 0 0
0 0 0
0 0 0
0 0 0
0 0 0
0 0 0
0 0 0
11 0 3
11 0 3
11 0 3
11 0 3
11 0 3
12 0 4
12 0 4
12 0 4
12 0 4
0 0 0
1 0 0
0 0 0
0 0 0
0 0 0
0 0 0
0 0 0
11 0 3
11 0 3
11 0 3
11 0 3
11 0 3
12 0 4
12 0 4
12 0 4
12 0 4
0 0 0
0 0 0
1 0 0
0 0 0
0 0 0
0 0 0
0 0 0
11 0 3
11 0 3
11 0 3
11 0 3
11 0 3
12 0 4
12 0 4
12 0 4
12 0 4
