12 0 5
12 0 5
12 0 5
12 0 5
12 0 5
12 0 5
12 0 5
12 0 5
12 0 5
12 0 5
12 0 5
12 0 5
12 0 5
12 0 5
12 0 5
12 0 5
12 0 5
12 0 5
12 0 5
12 0 5
12 0 5
12 0 5
12 0 5
12 0 5
12 0 5
12 0 5
12 0 5
12 0 5
12 0 5
12 0 5
12 0 5
12 0 5
12 0 5
12 0 5
12 0 5
12 0 5
12 0 5
12 0 5
12 0 5
12 0 5
12 0 5
12 0 5
12 0 5
12 0 5
12 0 5
12 0 5
12 0 5
12 0 5
12 0 5
12 0 5
12 0 5
12 0 5
12 0 5
12 0 5
12 0 5
12 0 5
12 0 5
12 0 5
12 0 5
12 0 5
12 0 5
12 0 5
12 0 5
12 0 5
11 0 3
12 0 5
12 0 5
12 0 5
12 0 5
12 0 5
12 0 5
12 0 5
12 0 5
12 0 5
12 0 5
12 0 5
12 0 5
12 0 5
12 0 5
12 0 5
11 0 3
11 0 3
12 0 5
12 0 5
12 0 5
12 0 5
12 0 5
12 0 5
12 0 5
12 0 5
12 0 5
12 0 5
12 0 5
12 0 5
12 0 5
12 0 5
11 0 3
11 0 3
11 0 3
12 0 5
12 0 5
12 0 5
12 0 5
12 0 5
12 0 5
12 0 5
12 0 5
12 0 5
12 0 5
12 0 5
12 0 5
12 0 5
11 0 3
11 0 3
11 0 3
12 0 5
12 0 5
12 0 5
12 0 5
12 0 5
12 0 5
12 0 5
12 0 5
12 0 5
12 0 5
12 0 5
12 0 5
12 0 5
11 0 3
11 0 3
11 0 3
11 0 3
12 0 5
12 0 5
12 0 5
12 0 5
12 0 5
12 0 5
12 0 5
12 0 5
12 0 5
12 0 5
12 0 5
12 0 5
11 0 3
11 0 3
11 0 3
11 0 3
12 0 5
12 0 5
12 0 5
12 0 5
12 0 5
12 0 5
12 0 5
12 0 5
12 0 5
12 0 5
12 0 5
12 0 5
1 0 2
11 0 3
11 0 3
11 0 3
12 0 5
12 0 5
12 0 5
12 0 5
12 0 5
12 0 5
12 0 5
12 0 5
12 0 5
12 0 5
12 0 5
12 0 5
1 0 2
11 0 3
11 0 3
11 0 3
11 0 3
12 0 5
12 0 5
12 0 5
12 0 5
12 0 5
12 0 5
12 0 5
12 0 5
12 0 5
12 0 5
12 0 5
1 0 2
11 0 3
11 0 3
11 0 3
11 0 3
12 0 5
12 0 5
12 0 5
12 0 5
12 0 5
12 0 5
12 0 5
12 0 5
12 0 5
12 0 5
12 0 5
2 0 2
0 0 2
11 0 3
11 0 3
11 0 3
12 0 5
12 0 5
12 0 5
12 0 5
12 0 5
12 0 5
12 0 5
12 0 5
12 0 5
12 0 5
12 0 5
1 0 2
0 0 2
11 0 3
11 0 3
11 0 3
11 0 3
12 0 5
12 0 5
12 0 5
12 0 5
12 0 5
12 0 5
12 0 5
12 0 5
12 0 5
12 0 5
1 0 2
2 0 2
11 0 3
11 0 3
11 0 3
11 0 3
12 0 5
12 0 5
12 0 5
12 0 5
12 0 5
12 0 5
12 0 5
12 0 5
12 0 5
12 0 5
