11 0 3
11 0 3
0 0 0
0 0 0
0 0 0
13 0 0
4 0 0
14 2 0
0 0 0
0 0 0
0 0 0
0 0 0
0 0 0
4 0 0
0 0 0
0 0 0
11 0 3
11 0 3
0 0 0
0 0 0
0 0 0
0 0 0
4 0 0
20 1 0
0 0 0
0 0 0
0 0 0
0 0 0
23 1 0
4 0 0
0 0 0
0 0 0
11 0 3
11 0 3
0 0 0
0 0 0
0 0 0
0 0 0
5 0 0
0 0 0
0 0 0
0 0 0
0 0 0
0 0 0
21 1 0
4 0 0
0 0 0
0 0 0
11 0 3
11 0 3
0 0 0
0 0 0
0 0 0
0 0 0
4 0 0
20 2 0
0 0 0
0 0 0
0 0 0
0 0 0
19 2 0
4 0 0
0 0 0
0 0 0
11 0 3
11 0 3
0 0 0
0 0 0
0 0 0
0 0 0
4 0 0
15 0 0
0 0 0
0 0 0
0 0 0
0 0 0
19 1 0
4 0 0
0 0 0
0 0 0
11 0 3
11 0 3
0 0 0
0 0 0
0 0 0
0 0 0
4 0 0
14 1 0
0 0 0
0 0 0
0 0 0
0 0 0
16 1 0
16 4 0
0 0 0
0 0 0
11 0 3
11 0 3
0 0 0
0 0 0
0 0 0
0 0 0
4 0 0
4 0 0
4 0 0
4 0 0
4 0 0
6 0 0
16 2 0
16 3 0
0 0 0
0 0 0
11 0 3
11 0 3
0 0 0
0 0 0
0 0 0
0 0 0
0 0 0
0 0 0
0 0 0
0 0 0
20 3 0
0 0 0
17 1 0
24 1 0
0 0 0
0 0 0
11 0 3
11 0 3
0 0 0
0 0 0
0 0 0
0 0 0
0 0 0
0 0 0
0 0 0
0 0 0
0 0 0
18 2 0
17 3 0
24 2 0
0 0 0
0 0 0
11 0 3
11 0 3
0 0 0
0 0 0
0 0 0
0 0 0
0 0 0
0 0 0
0 0 0
0 0 0
0 0 0
18 3 0
17 4 0
24 3 0
0 0 0
0 0 0
11 0 3
11 0 3
0 0 0
0 0 0
0 0 0
0 0 0
0 0 0
0 0 0
0 0 0
0 0 0
0 0 0
0 0 0
17 5 0
24 4 0
0 0 0
0 0 0
11 0 3
0 0 0
0 0 0
0 0 0
0 0 0
0 0 0
0 0 0
0 0 0
0 0 0
0 0 0
0 0 0
24 6 0
17 2 0
24 5 0
0 0 0
3 0 0
11 0 3
0 0 0
0 0 0
0 0 0
0 0 0
0 0 0
0 0 0
0 0 0
0 0 0
0 0 0
0 0 0
0 0 0
0 0 0
0 0 0
0 0 0
0 0 0
11 0 3
0 0 0
0 0 0
0 0 0
0 0 0
0 0 0
0 0 0
0 0 0
0 0 0
0 0 0
0 0 0
0 0 0
0 0 0
0 0 0
0 0 0
0 0 0
11 0 3
0 0 0
0 0 0
0 0 0
0 0 0
0 0 0
0 0 0
0 0 0
0 0 0
0 0 0
0 0 0
0 0 0
0 0 0
0 0 0
0 0 0
0 0 0
0 0 0
0 0 0
0 0 0
0 0 0
0 0 0
0 0 0
0 0 0
0 0 0
0 0 0
0 0 0
0 0 0
0 0 0
0 0 0
0 0 0
0 0 0
0 0 0
