0 0 1
0 0 1
2 0 1
0 0 1
0 0 1
0 0 1
0 0 1
0 0 1
0 0 1
0 0 1
4 0 1
4 0 1
4 0 1
4 0 1
4 0 1
4 0 1
0 0 0
0 0 0
0 0 0
0 0 0
0 0 0
0 0 0
0 0 0
0 0 0
0 0 0
0 0 0
4 0 0
20 1 0
20 2 1
20 4 1
15 0 1
4 0 1
0 0 0
0 0 0
0 0 0
0 0 0
0 0 0
0 0 0
0 0 0
0 0 0
0 0 0
0 0 0
4 0 0
0 0 0
0 0 0
0 0 0
0 4 0
5 1 0
0 0 0
0 0 0
0 0 0
0 0 0
0 0 0
0 0 0
0 0 0
0 0 0
0 0 0
0 0 0
4 0 0
0 0 0
0 0 0
0 0 0
20 5 0
4 2 0
0 0 0
0 0 0
0 0 0
0 0 0
0 0 0
0 0 0
0 0 0
0 0 0
0 0 0
0 0 0
4 0 0
0 0 0
0 0 0
0 0 0
20 3 0
4 3 0
0 0 0
0 0 0
0 0 0
0 0 0
0 0 0
4 0 0
4 0 0
4 0 0
4 0 0
4 0 0
4 0 0
6 0 0
4 0 0
4 0 0
4 1 0
4 0 0
0 0 0
0 0 0
0 0 0
0 0 0
0 0 0
4 0 0
14 1 0
0 0 0
0 0 0
0 0 0
0 0 0
0 0 0
0 0 0
0 2 0
0 1 0
4 0 0
0 0 0
0 0 0
0 0 0
0 0 0
13 0 0
4 0 0
14 2 0
0 0 0
0 0 0
0 0 0
0 0 0
0 0 0
0 0 0
0 0 0
0 5 0
4 0 0
0 0 0
0 0 0
0 0 0
0 0 0
0 0 0
4 0 0
0 3 0
0 0 0
0 0 0
0 0 0
0 0 0
0 0 0
0 0 0
0 0 0
0 1 0
4 0 0
0 0 0
0 0 0
0 0 0
0 0 0
0 0 0
4 0 0
0 2 0
0 0 0
0 0 0
0 0 0
0 0 0
0 0 0
0 0 0
0 10 0
0 11 0
4 0 0
0 0 0
0 0 0
0 0 0
0 0 0
0 0 0
5 0 0
0 0 0
0 0 0
0 1 0
0 0 0
0 1 0
0 0 0
0 14 0
0 13 0
19 3 0
4 0 0
0 0 0
0 0 0
0 0 0
0 0 0
0 0 0
4 0 0
0 0 0
0 0 0
0 0 0
0 0 0
0 2 0
0 5 0
0 3 0
0 4 0
19 2 0
4 0 0
0 0 0
0 0 0
0 0 0
0 0 0
0 0 0
4 0 0
0 0 0
0 0 0
0 0 0
0 0 0
0 0 0
0 4 0
0 2 0
0 1 0
19 1 0
4 1 0
0 0 0
0 0 0
0 0 0
0 0 0
0 0 0
4 0 0
0 0 0
0 0 0
0 2 0
0 9 0
0 8 0
0 7 0
0 6 0
0 5 0
17 4 0
4 0 0
0 0 0
0 0 0
0 0 0
0 0 0
0 0 0
4 0 0
9 0 0
15 0 0
0 0 0
0 0 0
0 0 0
0 0 0
0 9 0
0 6 0
16 1 0
4 0 0
0 0 0
0 0 0
0 0 0
0 0 0
0 0 0
4 0 0
4 0 0
4 0 0
4 0 0
4 0 0
4 0 0
4 0 0
4 0 0
6 3 0
17 1 0
4 1 0
