3 0 1
3 0 1
0 0 0
0 0 0
0 0 0
0 0 0
4 0 0
14 1 0
0 0 0
0 0 0
16 2 0
4 0 2
0 0 2
0 0 2
0 0 2
0 0 2
3 0 1
3 0 1
0 0 0
0 0 0
0 0 0
0 0 0
4 0 0
4 0 0
4 0 0
6 0 0
17 3 2
4 0 2
0 0 2
1 0 2
0 0 2
0 0 1
0 0 1
0 0 0
0 0 0
0 0 0
0 0 0
0 0 0
3 0 0
0 0 0
0 0 0
0 0 2
17 2 2
18 1 2
0 0 2
0 0 2
0 0 2
0 0 1
0 0 0
0 0 0
0 0 0
0 0 0
0 0 0
0 0 0
0 0 0
0 0 0
0 0 2
0 0 2
17 1 2
18 2 2
0 0 2
0 0 2
0 0 1
0 0 1
0 0 0
0 0 0
0 0 0
0 0 0
0 0 0
0 0 0
0 0 0
0 0 0
0 0 2
0 0 2
0 0 2
0 0 2
0 0 2
0 0 1
3 0 1
0 0 1
0 0 0
0 0 0
0 0 0
0 0 0
0 0 0
0 0 0
0 0 0
0 0 2
0 0 2
0 0 2
0 0 2
0 0 2
3 0 1
0 0 1
0 0 1
0 0 1
0 0 0
0 0 0
0 0 0
0 0 0
0 0 0
0 0 0
0 0 0
0 0 2
0 0 2
1 0 2
1 0 2
2 0 2
3 0 1
3 0 1
3 0 1
0 0 1
0 0 0
0 0 0
0 0 0
0 0 0
0 0 0
0 0 0
0 0 2
1 0 2
1 0 2
0 0 2
0 0 2
3 0 1
3 0 1
3 0 1
3 0 1
3 0 1
2 0 0
0 0 0
0 0 0
0 0 0
0 0 0
0 0 0
1 0 2
1 0 2
1 0 2
2 0 2
2 0 2
3 0 1
3 0 1
0 0 1
0 0 1
3 0 1
0 0 0
0 0 0
0 0 0
0 0 0
0 0 0
0 0 2
0 0 2
1 0 2
1 0 2
0 0 2
0 0 2
0 0 1
3 0 1
3 0 1
3 0 1
3 0 1
3 0 0
0 0 0
0 0 0
0 0 0
0 0 0
0 0 2
0 0 2
0 0 2
0 0 2
1 0 2
0 0 1
3 0 1
3 0 1
3 0 1
3 0 1
3 0 1
0 0 0
0 0 0
0 0 0
0 0 0
1 0 2
1 0 2
1 0 2
0 0 2
0 0 2
0 0 2
0 0 1
0 0 1
3 0 1
3 0 1
0 0 1
3 0 1
0 0 0
0 0 0
0 0 0
0 0 0
0 0 2
0 0 2
1 0 2
1 0 2
0 0 2
0 0 2
0 0 1
0 0 1
3 0 1
0 0 1
3 0 1
3 0 1
0 0 0
0 0 0
0 0 0
0 0 0
1 0 2
1 0 2
1 0 2
1 0 2
0 0 2
0 0 2
3 0 1
3 0 1
3 0 1
0 0 1
0 0 1
3 0 1
0 0 0
0 0 0
0 0 0
0 0 0
1 0 2
1 0 2
1 0 2
0 0 2
0 0 2
1 0 2
0 0 2
3 0 1
0 0 1
0 0 1
3 0 1
3 0 1
0 0 0
0 0 0
0 0 0
3 0 0
1 0 2
1 0 2
1 0 2
1 0 2
1 0 2
1 0 2
0 0 2
0 0 1
0 0 1
3 0 1
0 0 1
3 0 1
