11 0 3
11 0 3
11 0 3
11 0 3
0 0 0
0 0 0
0 0 0
0 0 1
0 0 1
0 0 1
0 0 1
3 0 1
0 0 1
3 0 1
0 0 1
3 0 1
11 0 3
11 0 3
11 0 3
0 0 0
0 0 0
0 0 0
0 0 1
0 0 1
0 0 1
0 0 1
0 0 1
3 0 1
3 0 1
3 0 1
3 0 1
0 0 1
11 0 3
11 0 3
0 0 0
0 0 0
0 0 0
0 0 1
0 0 1
0 0 1
0 0 1
0 0 1
0 0 1
3 0 1
3 0 1
3 0 1
3 0 1
3 0 1
11 0 3
0 0 0
0 0 0
0 0 0
0 0 1
0 0 1
0 0 1
0 0 1
0 0 1
0 0 1
0 0 1
0 0 1
0 0 1
0 0 1
3 0 1
0 0 0
0 0 0
0 0 0
0 0 0
0 0 1
0 0 1
0 0 1
0 0 1
0 0 1
0 0 1
0 0 1
0 0 1
0 0 1
0 0 1
0 0 1
0 0 0
0 0 0
0 0 0
0 0 0
0 0 1
0 0 1
0 0 1
0 0 1
0 0 1
0 0 1
0 0 1
0 0 1
0 0 1
0 0 1
0 0 1
0 0 0
0 0 0
0 0 0
0 0 0
0 0 1
0 0 1
0 0 1
0 0 1
0 0 1
0 0 1
0 0 1
0 0 0
0 0 1
0 0 1
0 0 1
0 0 0
0 0 0
0 0 0
0 0 0
0 0 1
0 0 1
0 0 1
0 0 1
0 0 1
0 0 1
4 0 1
4 0 0
4 0 0
4 0 0
4 0 1
4 0 0
0 0 0
0 0 0
0 0 0
0 0 0
0 0 1
0 0 1
0 0 1
0 0 1
0 0 1
0 0 1
4 0 0
9 0 0
0 0 0
0 0 0
0 2 0
4 0 0
0 0 0
0 0 0
0 0 0
0 0 0
0 0 1
0 0 1
0 0 1
0 0 1
0 0 1
0 0 1
4 0 1
20 1 0
0 0 0
0 0 0
0 0 0
4 0 0
0 0 0
0 0 0
0 0 0
0 0 0
0 0 1
0 0 1
0 0 1
0 0 1
0 0 1
13 0 1
4 0 1
20 3 1
0 0 0
0 0 0
0 0 0
4 0 0
0 0 0
0 0 0
0 0 0
0 0 0
0 0 1
0 0 1
0 0 1
0 0 1
0 0 1
0 0 1
4 0 1
20 4 0
0 0 0
0 0 0
0 0 0
4 0 0
0 0 0
0 0 0
0 0 0
0 0 0
0 0 1
0 0 1
0 0 1
0 0 1
0 0 1
0 0 1
5 0 0
0 0 0
0 0 0
0 0 0
0 0 0
4 0 0
0 0 0
0 0 0
0 0 2
0 0 2
0 0 1
0 0 1
0 0 1
0 0 1
0 0 1
0 0 0
4 0 0
0 0 0
0 0 0
0 0 0
0 0 0
4 0 0
0 0 0
0 0 2
0 0 2
0 0 2
0 0 1
3 0 1
3 0 1
0 0 1
0 0 0
0 0 0
4 0 0
15 0 0
0 0 0
0 0 0
21 1 0
4 0 0
0 0 2
0 0 2
0 0 2
0 0 2
3 0 1
0 0 1
0 0 1
0 0 0
0 0 0
0 0 0
4 0 0
14 2 0
0 0 0
0 0 0
19 1 0
4 0 0
0 0 2
0 0 2
0 0 2
0 0 2
