0 0 0
0 0 0
0 0 0
3 0 0
0 0 0
0 0 0
0 0 0
0 0 0
0 0 1
0 0 1
4 0 1
0 0 1
0 0 1
0 0 1
0 0 1
0 0 1
0 0 0
0 0 0
0 0 0
0 0 0
0 0 0
0 0 0
0 0 0
0 0 0
0 0 1
0 0 1
7 0 1
0 0 1
0 0 1
0 0 1
0 0 1
0 0 1
0 0 0
0 0 0
0 0 0
0 0 0
0 0 0
0 0 0
0 0 0
0 0 0
0 0 1
0 0 1
4 0 1
0 0 1
0 0 1
0 0 1
0 0 1
0 0 1
0 0 0
0 0 0
0 0 0
0 0 0
0 0 0
0 0 0
0 0 0
0 0 0
0 0 1
0 0 1
4 0 1
0 0 1
0 0 1
0 0 1
0 0 1
0 0 1
0 0 0
0 0 0
0 0 0
0 0 0
0 0 0
0 0 0
0 0 0
0 0 0
0 0 1
0 0 1
4 0 1
16 2 1
0 0 1
0 0 1
0 0 1
0 0 1
0 0 0
0 0 0
0 0 0
0 0 0
0 0 0
0 0 0
0 0 0
0 0 0
0 0 1
18 2 1
17 1 1
16 1 1
16 3 1
21 1 1
21 2 1
19 1 1
0 0 0
0 0 0
0 0 0
0 0 0
0 0 0
0 0 0
0 0 0
0 0 0
0 0 1
18 1 1
4 0 1
4 0 1
4 0 1
4 0 1
4 0 1
4 0 1
0 0 0
0 0 0
0 0 0
0 0 0
0 0 0
0 0 0
0 0 0
0 0 1
3 0 1
0 0 1
0 0 1
3 0 1
3 0 1
3 0 1
3 0 1
0 0 1
0 0 0
0 0 0
0 0 0
0 0 0
0 0 0
0 0 0
0 0 0
0 0 1
0 0 1
3 0 1
0 0 1
3 0 1
0 0 1
3 0 1
3 0 1
3 0 1
0 0 0
0 0 0
0 0 0
0 0 0
0 0 0
0 0 0
0 0 1
3 0 1
0 0 1
3 0 1
0 0 1
0 0 1
3 0 1
3 0 1
3 0 1
3 0 1
0 0 0
0 0 0
0 0 0
0 0 0
0 0 0
0 0 0
3 0 1
3 0 1
0 0 1
3 0 1
0 0 1
0 0 1
0 0 1
3 0 1
3 0 1
3 0 1
0 0 0
0 0 0
0 0 0
0 0 0
0 0 0
0 0 1
3 0 1
3 0 1
0 0 1
0 0 1
3 0 1
0 0 1
3 0 1
0 0 1
0 0 1
0 0 1
0 0 0
0 0 0
0 0 0
0 0 0
0 0 0
3 0 1
3 0 1
0 0 1
0 0 1
3 0 1
0 0 1
0 0 1
3 0 1
3 0 1
0 0 1
3 0 1
0 0 0
0 0 0
0 0 0
0 0 0
0 0 1
3 0 1
3 0 1
3 0 1
0 0 1
3 0 1
0 0 1
0 0 1
0 0 1
0 0 1
3 0 1
3 0 1
0 0 0
0 0 0
0 0 0
0 0 1
3 0 1
3 0 1
0 0 1
3 0 1
3 0 1
0 0 1
3 0 1
3 0 1
0 0 1
0 0 1
0 0 1
3 0 1
0 0 0
0 0 0
0 0 0
3 0 1
0 0 1
3 0 1
0 0 1
3 0 1
0 0 1
0 0 1
3 0 1
0 0 1
0 0 1
0 0 1
0 0 1
3 0 1
