3 0 1
0 0 1
3 0 1
0 0 1
3 0 1
0 0 0
0 0 0
0 0 0
0 0 0
0 0 0
0 0 0
11 0 3
11 0 3
11 0 3
11 0 3
11 0 3
0 0 1
0 0 1
3 0 1
3 0 1
3 0 1
3 0 1
0 0 0
0 0 0
0 0 0
0 0 0
0 0 0
11 0 3
11 0 3
11 0 3
11 0 3
11 0 3
3 0 1
0 0 1
0 0 1
0 0 1
3 0 1
0 0 1
0 0 0
0 0 0
0 0 0
0 0 0
0 0 0
11 0 3
11 0 3
11 0 3
11 0 3
11 0 3
3 0 1
3 0 1
3 0 1
0 0 1
0 0 1
0 0 1
0 0 0
0 0 0
0 0 0
0 0 0
0 0 0
0 0 0
11 0 3
11 0 3
11 0 3
11 0 3
0 0 1
0 0 1
3 0 1
3 0 1
3 0 1
0 0 1
0 0 1
0 0 0
0 0 0
0 0 0
0 0 0
0 0 0
11 0 3
11 0 3
11 0 3
11 0 3
0 0 1
3 0 1
3 0 1
3 0 1
3 0 1
3 0 1
0 0 1
0 0 0
0 0 0
0 0 0
0 0 0
0 0 0
11 0 3
11 0 3
11 0 3
11 0 3
0 0 1
0 0 1
3 0 1
3 0 1
3 0 1
0 0 1
3 0 1
0 0 0
0 0 0
0 0 0
0 0 0
0 0 0
11 0 3
11 0 3
11 0 3
11 0 3
0 0 1
0 0 1
3 0 1
0 0 1
3 0 1
0 0 1
0 0 1
0 0 0
0 0 0
0 0 0
0 0 0
0 0 0
11 0 3
11 0 3
11 0 3
11 0 3
0 0 1
0 0 1
3 0 1
3 0 1
3 0 1
3 0 1
3 0 1
0 0 1
0 0 0
0 0 0
0 0 0
0 0 0
11 0 3
11 0 3
11 0 3
11 0 3
0 0 1
0 0 1
3 0 1
3 0 1
0 0 1
0 0 1
0 0 1
0 0 1
0 0 0
0 0 0
0 0 0
0 0 0
11 0 3
11 0 3
11 0 3
11 0 3
0 0 1
0 0 1
3 0 1
3 0 1
3 0 1
3 0 1
3 0 1
3 0 1
0 0 0
0 0 0
0 0 0
0 0 0
11 0 3
11 0 3
11 0 3
12 0 5
0 0 1
0 0 1
0 0 1
0 0 1
3 0 1
3 0 1
3 0 1
0 0 1
0 0 0
0 0 0
0 0 0
0 0 0
11 0 3
11 0 3
11 0 3
12 0 5
4 0 1
4 0 1
4 0 1
0 0 1
3 0 1
3 0 1
3 0 1
3 0 1
0 0 0
0 0 0
0 0 0
0 0 0
11 0 3
11 0 3
12 0 5
12 0 5
14 6 1
20 1 1
4 0 1
0 0 1
0 0 1
0 0 1
3 0 1
3 0 1
0 0 0
0 0 0
0 0 0
11 0 3
11 0 3
11 0 3
12 0 5
12 0 5
0 0 1
15 0 1
4 0 1
0 0 1
0 0 1
0 0 1
0 0 1
3 0 1
0 0 0
0 0 0
0 0 0
11 0 3
11 0 3
12 0 5
12 0 5
12 0 5
0 0 1
13 0 1
4 0 1
0 0 1
0 0 1
0 0 1
0 0 1
3 0 1
0 0 0
0 0 0
0 0 0
11 0 3
11 0 3
12 0 5
12 0 5
12 0 5
